image: racemap.pgm
resolution: 0.050000
origin: [-2.472495, -6.672591, 0.000000]
negate: 0
occupied_thresh: 0.65
free_thresh: 0.196

