image: racemap2.pgm
resolution: 0.050000
origin: [-5.350000, -2.959844, 0.000000]
negate: 0
occupied_thresh: 0.65
free_thresh: 0.196

