image: test1.pgm
resolution: 0.050000
origin: [-28.025000, -27.200000, 0.000000]
negate: 0
occupied_thresh: 0.65
free_thresh: 0.196

